20
0 Etu0 4 0 2 7 3 5 8 6 1
1 Etu1 3 0 7 1 5 8 2 6 4
2 Etu2 8 7 0 3 4 6 5 1 2
3 Etu3 0 8 4 6 1 7 3 5 2
4 Etu4 1 3 6 0 7 8 4 5 2
5 Etu5 6 5 4 2 1 0 3 7 8
6 Etu6 6 0 2 8 4 1 3 7 5
7 Etu7 7 2 4 1 6 3 5 0 8
8 Etu8 0 7 8 1 5 2 6 4 3
9 Etu9 5 6 7 8 3 1 2 0 4
10 Etu10 5 6 2 1 0 3 8 4 7
11 Etu11 1 0 2 6 7 5 8 3 4
12 Etu12 0 2 5 3 6 8 7 1 4
13 Etu13 1 6 2 5 7 8 3 4 0
14 Etu14 2 0 3 1 7 4 8 5 6
15 Etu15 8 7 4 3 5 6 0 2 1
16 Etu16 7 1 0 3 6 4 8 5 2
17 Etu17 3 1 7 4 6 8 0 5 2
18 Etu18 1 6 4 3 7 2 8 0 5
19 Etu19 7 1 3 0 6 5 4 8 2
