NbEtu 20
Cap 1 9 1 2 1 1 1 2 2
0 Spe0 17 1 19 6 4 8 10 9 14 12 3 18 16 13 15 0 5 11 2 7
1 Spe1 16 14 7 1 6 18 11 3 8 15 10 17 0 12 19 2 9 13 5 4
2 Spe2 10 18 14 3 16 5 17 15 7 9 1 2 13 4 8 12 6 0 11 19
3 Spe3 0 11 15 4 13 16 8 5 19 14 9 7 2 18 3 10 6 17 12 1
4 Spe4 8 19 14 5 15 7 13 11 9 17 12 6 18 16 1 4 0 10 3 2
5 Spe5 7 4 8 9 14 3 18 12 11 1 16 10 0 13 15 2 19 5 17 6
6 Spe6 1 9 19 18 6 11 14 10 4 15 0 3 7 16 13 8 12 5 2 17
7 Spe7 2 17 5 0 1 14 11 6 12 15 3 18 10 4 16 19 8 9 7 13
8 Spe8 18 2 16 19 9 8 15 6 11 3 14 0 13 1 17 4 5 10 12 7
